First come first serve,,
"PID","Burst","Priority","Arrival","Start","Finish","Wait","Response","Turnaround"
251,16,6,20,20,35,0,0,16
252,49,7,80,80,128,0,0,49
253,35,1,101,129,163,28,28,63
254,82,5,155,164,245,9,9,91
255,20,3,213,246,265,33,33,53
256,43,6,282,282,324,0,0,43
257,25,8,322,325,349,3,3,28
258,76,4,342,350,425,8,8,84
259,55,2,360,426,480,66,66,121
260,84,2,415,481,564,66,66,150
261,15,1,467,565,579,98,98,113
262,20,0,525,580,599,55,55,75
263,11,3,558,600,610,42,42,53
264,74,7,584,611,684,27,27,101
265,34,2,615,685,718,70,70,104
266,20,5,652,719,738,67,67,87
267,84,6,714,739,822,25,25,109
268,38,8,757,823,860,66,66,104
269,86,1,781,861,946,80,80,166
270,52,7,829,947,998,118,118,170
271,55,1,877,999,1053,122,122,177
272,65,6,912,1054,1118,142,142,207
273,36,6,946,1119,1154,173,173,209
274,32,2,984,1155,1186,171,171,203
275,17,0,1008,1187,1203,179,179,196
276,80,7,1048,1204,1283,156,156,236
277,58,7,1050,1284,1341,234,234,292
278,5,1,1104,1342,1346,238,238,243
279,4,7,1170,1347,1350,177,177,181
280,99,6,1227,1351,1449,124,124,223
281,44,7,1229,1450,1493,221,221,265
282,1,8,1253,1494,1494,241,241,242
283,86,2,1310,1495,1580,185,185,271
284,33,5,1371,1581,1613,210,210,243
285,36,7,1382,1614,1649,232,232,268
286,73,1,1413,1650,1722,237,237,310
287,10,5,1443,1723,1732,280,280,290
288,14,7,1460,1733,1746,273,273,287
289,64,7,1489,1747,1810,258,258,322
290,91,2,1499,1811,1901,312,312,403
291,1,1,1515,1902,1902,387,387,388
292,70,7,1548,1903,1972,355,355,425
293,95,2,1570,1973,2067,403,403,498
294,35,6,1614,2068,2102,454,454,489
295,29,3,1673,2103,2131,430,430,459
296,22,3,1685,2132,2153,447,447,469
297,12,1,1729,2154,2165,425,425,437
298,33,3,1734,2166,2198,432,432,465
299,1,9,1800,2199,2199,399,399,400
300,72,6,1832,2200,2271,368,368,440
,,,,,,,,
,,,,,Min,0,0,16
,,,,,Mean,182.52,182.52,226.36
,,,,,Max,454,454,498
,,,,,StdDev,143.32,143.32,141.64
