First come first serve,Priority,Preemptive
"PID","Burst","Priority","Arrival","Start","Finish","Wait","Response","Turnaround"
201,8,2,20,20,27,0,0,8
202,66,3,83,83,148,0,0,66
203,92,4,104,149,240,45,45,137
204,93,2,134,241,333,107,107,200
205,46,2,139,334,379,195,195,241
206,71,2,185,380,450,195,195,266
207,44,3,191,451,494,260,260,304
208,38,5,213,495,532,282,282,320
209,62,5,227,533,594,306,306,368
210,88,5,292,595,682,303,303,391
211,81,9,358,683,763,325,325,406
212,70,2,367,764,833,397,397,467
213,82,4,404,834,915,430,430,512
214,62,4,423,916,977,493,493,555
215,1,4,492,978,978,486,486,487
216,70,4,551,979,1048,428,428,498
217,72,8,552,1049,1120,497,497,569
218,45,6,612,1121,1165,509,509,554
219,26,2,613,1166,1191,553,553,579
220,81,1,673,1192,1272,519,519,600
221,52,1,687,1273,1324,586,586,638
222,87,0,695,1325,1411,630,630,717
223,62,1,721,1412,1473,691,691,753
224,50,4,745,1474,1523,729,729,779
225,93,0,767,1524,1616,757,757,850
226,95,9,798,1617,1711,819,819,914
227,36,7,834,1712,1747,878,878,914
228,60,6,883,1748,1807,865,865,925
229,75,2,906,1808,1882,902,902,977
230,13,7,935,1883,1895,948,948,961
231,3,9,969,1896,1898,927,927,930
232,91,4,1032,1899,1989,867,867,958
233,46,1,1068,1990,2035,922,922,968
234,89,4,1082,2036,2124,954,954,1043
235,68,3,1121,2125,2192,1004,1004,1072
236,63,1,1141,2193,2255,1052,1052,1115
237,3,8,1205,2256,2258,1051,1051,1054
238,11,2,1255,2259,2269,1004,1004,1015
239,19,3,1305,2270,2288,965,965,984
240,79,8,1347,2289,2367,942,942,1021
241,65,7,1414,2368,2432,954,954,1019
242,92,2,1458,2433,2524,975,975,1067
243,3,7,1486,2525,2527,1039,1039,1042
244,22,8,1554,2528,2549,974,974,996
245,99,7,1623,2550,2648,927,927,1026
246,69,4,1654,2649,2717,995,995,1064
247,1,6,1676,2718,2718,1042,1042,1043
248,67,6,1683,2719,2785,1036,1036,1103
249,42,5,1733,2786,2827,1053,1053,1095
250,85,1,1758,2828,2912,1070,1070,1155
,,,,,,,,
,,,,,Min,0,0,8
,,,,,Mean,677.76,677.76,734.52
,,,,,Max,1070,1070,1155
,,,,,StdDev,333.16,333.16,329.32
